java-1.8.0-openjdk-aarch32-1:1.8.0.131-2.170420.fc27.armv7hl
java-1.8.0-openjdk-aarch32-devel-1:1.8.0.131-2.170420.fc27.armv7hl
java-1.8.0-openjdk-aarch32-headless-1:1.8.0.131-2.170420.fc27.armv7hl
